start=1057.390000
audio-delay=-0.000000
fullscreen=no
vid=1
sid=1
sub-delay=0.500000
