start=4542.880000
pause=yes
volume=82.000000
audio-delay=-0.000000
