start=222.752000
pause=yes
volume=86.000000
