start=129.046000
pause=yes
audio-delay=-0.000000
sub-delay=17.000029
