start=6.256000
volume=94.000000
audio-delay=0.000000
fullscreen=no
