start=852.727000
volume=96.000000
fullscreen=no
