start=119.953000
fullscreen=yes
sub-delay=0.000000
