start=3478.048000
pause=yes
volume=92.000000
sid=1
