start=4414.343267
pause=yes
audio-delay=0.000000
fullscreen=no
sub-delay=-0.300000
