start=1262.594700
volume=76.000000
fullscreen=no
