start=4463.834000
volume=98.000000
audio-delay=0.000000
fullscreen=no
