start=3773.856000
pause=yes
volume=96.000000
audio-delay=-0.000000
aid=2
sub-delay=0.000002
