start=12895.883000
audio-delay=-0.000000
fullscreen=yes
sid=2
