start=5239.584000
pause=yes
audio-delay=0.000000
