start=3931.827900
volume=90.000000
audio-delay=-0.000000
fullscreen=no
